cam0:
  T_cam_imu:
  - [0.9998282728393972, 0.018475853534370677, -0.00143793851198887, 0.010692168630445614]
  - [-0.01847173417813586, 0.999825385804902, 0.0028271781923161683, 0.0008501287870247015]
  - [0.0014899219577097992, -0.0028001314710747213, 0.9999949696855003, -0.10078719835869833]
  - [0.0, 0.0, 0.0, 1.0]
  cam_overlaps: []
  camera_model: pinhole
  distortion_coeffs: [0.01251963917846272, -0.006227721578723648, -0.00045570378675258974,
    0.0009331353379850532]
  distortion_model: radtan
  intrinsics: [427.43136086744227, 427.8427027206804, 430.32537127021504, 242.58150328391645]
  resolution: [848, 480]
  rostopic: /camera/infra1/image_rect_raw
