cam0:
  cam_overlaps: []
  camera_model: pinhole
  distortion_coeffs: [0.11080144362413721, -0.28547433022934016, -0.0005572059375262542,
    0.0025713741453534207]
  distortion_model: radtan
  intrinsics: [888.3511928084233, 888.3464820236808, 622.8987385763558, 355.05802414043205]
  resolution: [1280, 720]
  rostopic: /camera/color/image_raw
