cam0:
  cam_overlaps: []
  camera_model: pinhole
  distortion_coeffs: [0.01251963917846272, -0.006227721578723648, -0.00045570378675258974,
    0.0009331353379850532]
  distortion_model: radtan
  intrinsics: [427.43136086744227, 427.8427027206804, 430.32537127021504, 242.58150328391645]
  resolution: [848, 480]
  rostopic: /infra2
